1
1
1
1
2
1
1
1
2
0
0
0
0
0
0
0
0
0
0
0
0
0
0
0
0
0
0
0
0
0
0
0
0
0
0
0
0
0
0
0
0
0
0
0
0
0
0
0
0
0
0
0
0
0
0
0
0
3
1
5
1
6
1
5
1
6
1
3
1
4
1
5
2
5
1
0
0
0
0
0
0
0
0
0
0
0
0
0
0
0
0
3
1
3
1
3
1
4
1
5
1
5
1
4
1
5
2
5
2
0
0
0
0
7
1
20
2
11
2
8
2
20
2
92
2
9
2
77
2
5
2
0
0
0
0
0
0
0
0
0
0
0
0
0
0
0
0
5
1
3
1
6
1
9
2
11
1
4
1
43
1
18
1
11
2
0
0
0
0
0
0
0
0
0
0
0
0
0
0
0
0
11
1
4
1
9
1
12
2
128
1
6
1
7
1
57
2
6
2
0
0
0
0
0
0
0
0
0
0
0
0
0
0
0
0
0
0
0
0
0
0
0
0
0
0
0
0
0
0
0
0
0
0
0
0
0
0
0
0
0
0
0
0
0
0
0
0
0
0
0
0
0
0
0
0
0
0
0
0
0
0
0
0
0
0
0
0
0
0
0
0
0
0
0
0
0
0
0
0
0
0
0
0
0
0
0
0
0
0
0
0
0
0
0
0
0
0
0
0
0
0
0
0
0
0
0
0
0
0
0
0
0
0
0
0
0
0
0
0
0
0
0
0
0
0
0
0
0
0
0
0
0
0
0
0
0
0
0
0
0
0
0
0
0
0
0
0
0
0
0
0
0
0
0
0
0
0
0
0
0
0
0
0
0
0
0
0
0
0
0
0
0
0
0
0
0
0
0
0
0
0
0
0
0
0
0
0
0
0
0
0
0
0
0
0
0
0
0
0
0
0
0
0
0
0
0
0
0
0
0
0
0
0
0
4
1
1
3
1
1
3
3
1
1
3
5
1
2
3
5
1
2
5
5
1
2
5
5
1
2
6
4
1
2
4
6
1
2
3
5
2
2
5
6
1
2
5
0
0
0
0
0
0
0
0
0
0
0
0
0
0
0
0
0
0
0
0
0
0
0
0
0
0
0
0
0
0
0
0
3
1
2
3
4
1
2
5
4
2
2
5
5
2
2
4
5
2
2
6
4
1
2
4
4
2
2
4
5
2
3
6
5
2
3
5
0
0
0
0
0
0
0
0
0
0
0
0
0
0
0
0
0
0
0
0
0
0
0
0
0
0
0
0
0
0
0
0
3
1
1
3
4
1
1
5
6
1
2
4
4
1
2
4
5
2
2
6
4
1
1
3
5
1
2
4
4
1
3
5
5
2
2
6
0
0
0
0
0
0
0
0
0
0
0
0
0
0
0
0
0
0
0
0
0
0
0
0
0
0
0
0
0
0
0
0
0
0
0
0
0
0
0
0
0
0
0
0
0
0
0
0
0
0
0
0
0
0
0
0
0
0
0
0
0
0
0
0
0
0
0
0
0
0
0
0
0
0
0
0
0
1
0
1
1
3
1
1
2
5
1
2
5
1
1
1
2
6
1
2
5
3
1
1
3
14
2
2
12
2
2
4
1
1
3
1
1
1
1
3
1
1
2
6
1
2
1
1
1
1
3
1
1
3
7
1
2
6
3
1
1
3
7
1
2
5
4
1
2
4
5
1
2
5
4
1
2
3
3
1
2
4
6
2
2
5
4
1
2
5
4
2
2
5
4
1
2
4
5
2
3
4
4
2
3
5
6
2
3
5
1
1
1
1
3
1
2
3
5
1
2
7
2
1
1
1
1
1
1
4
1
1
1
0
1
1
3
1
1
1
0
1
1
3
1
1
3
1
1
4
8
2
2
7
3
1
1
3
1
1
2
7
2
2
6
5
1
2
4
1
2
4
6
2
2
6
3
1
2
3
5
1
2
4
5
2
2
5
4
2
2
5
5
2
3
5
4
1
2
4
1
1
4
6
1
2
5
5
2
3
5
2
2
5
5
2
3
5
1
0
1
1
1
1
1
2
157
131
6
15
2
1
1
2
87
25
4
7
85
4
17
7
89
4
10
9
80
6
1
0
0
1
2
1
1
3
7
127
5
16
2
1
1
2
10
10
5
1
0
1
1
2
1
1
2
161
125
6
13
1
1
1
