grid:
9	8	7	-1	5	26	25	-1
-1	-1	36	-1	27	28	24	4
37	10	23	12	35	29	3	34
11	-1	1	0	6	30	32	31
13	-1	-1	-1	-1	-1	20	-1
16	15	-1	-1	-1	-1	21	22
-1	14	-1	-1	-1	-1	-1	-1
-1	38	33	2	17	18	19	-1

grid:
9	8	14	7	23	36	37	29
16	-1	15	-1	-1	27	-1	28
33	2	38	17	1	18	10	19
-1	-1	-1	-1	0	5	11	13
-1	-1	-1	-1	-1	-1	-1	32
-1	24	34	4	12	35	-1	-1
-1	-1	3	-1	-1	30	-1	31
26	25	20	21	22	6	-1	-1

grid:
-1	-1	-1	16	15	19	14	-1
31	32	-1	-1	-1	18	2	17
30	6	-1	-1	-1	-1	38	33
-1	35	-1	12	0	1	-1	-1
25	-1	24	-1	8	-1	9	-1
26	5	4	34	-1	-1	-1	-1
29	28	21	20	7	-1	11	13
-1	27	22	3	36	23	10	37

grid:
24	4	34	12	29	28	-1	-1
25	-1	-1	35	5	27	-1	-1
26	-1	3	6	32	-1	-1	-1
22	21	20	30	31	-1	-1	38
-1	-1	-1	-1	0	-1	-1	14
-1	9	8	7	1	-1	33	15
13	11	10	36	-1	-1	2	16
-1	-1	37	23	19	18	17	-1

tree_n_15_t_1_r_3,11,1,3,7,2,1,1,1,0.04,0.04,0.04,0.04
grid:
74	38	11	34	47	42	43	-1	30
40	39	75	78	13	41	-1	28	29
22	6	76	14	44	27	26	25	7
71	72	73	2	46	56	5	8	67
10	35	23	1	0	12	20	68	21
77	36	37	15	66	65	64	69	70
9	31	32	33	17	45	3	52	53
60	59	49	48	54	4	16	51	63
-1	58	50	57	55	18	19	61	62

grid:
65	64	70	21	69	39	22	38	-1
29	30	28	6	68	40	71	73	72
66	20	74	5	75	76	34	2	14
57	55	8	56	67	7	78	11	44
3	16	45	12	23	0	1	48	15
17	54	27	58	26	25	13	42	41
19	51	4	18	9	31	32	49	33
-1	52	63	59	-1	10	37	43	46
61	53	62	60	77	35	36	50	47

grid:
74	73	76	34	44	47	78	11	-1
71	72	75	2	14	46	40	38	39
22	-1	6	15	48	49	13	-1	50
66	26	27	1	63	62	41	42	43
65	25	56	0	12	61	35	37	36
64	69	70	7	10	19	4	18	60
20	68	5	23	77	9	45	58	59
29	28	30	67	54	31	33	51	52
55	57	21	8	17	32	3	16	53

grid:
71	22	73	32	60	58	19	51	52
76	6	72	33	59	18	61	16	53
75	74	31	9	35	4	62	36	37
56	5	66	12	10	45	63	17	3
20	64	65	0	77	27	-1	54	55
21	68	-1	1	23	26	15	48	57
70	69	38	11	29	28	2	44	14
43	42	39	78	30	8	25	46	49
-1	41	40	13	34	67	7	47	50

tree_n_31_t_1_r_3,35,11,17,30,4,1,2,5,0.06,0.07,0.07,0.07
grid:
11	77	13	66	14	28	47	41	33	21	22	98	-1
64	76	75	65	12	44	45	31	32	6	23	5	-1
34	79	81	80	36	54	55	42	43	7	158	73	97
50	78	83	35	37	51	56	29	30	4	3	156	155
49	48	46	115	74	52	25	-1	-1	-1	-1	157	2
61	24	104	71	58	53	26	27	-1	-1	-1	72	96
38	62	63	15	59	60	0	1	-1	121	93	148	95
18	39	19	16	99	85	57	84	119	120	154	153	152
9	40	20	17	8	122	126	82	-1	-1	-1	70	94
10	-1	-1	-1	124	123	141	-1	-1	-1	149	145	92
-1	-1	128	127	-1	87	140	139	137	-1	150	146	147
-1	143	142	125	130	129	133	132	88	68	135	136	-1
-1	144	91	86	131	67	134	90	69	89	151	138	-1

grid:
76	78	44	24	31	11	32	40	26	151	94	6	27
75	77	79	51	64	12	33	65	25	150	149	155	96
13	81	80	46	83	104	38	39	-1	4	7	5	98
47	50	45	52	41	14	42	66	152	157	72	156	95
48	49	35	115	74	71	43	0	2	3	73	158	97
22	21	23	53	61	62	154	123	153	124	70	145	92
19	18	20	-1	99	121	120	122	-1	85	148	146	147
29	30	28	-1	-1	63	119	84	141	57	140	139	90
15	54	58	-1	8	87	-1	67	-1	126	93	82	1
16	-1	-1	-1	-1	129	125	86	127	128	-1	137	69
34	36	59	55	10	-1	133	132	-1	88	135	68	89
17	-1	-1	-1	-1	130	-1	-1	-1	143	136	142	91
-1	37	60	56	9	131	134	-1	-1	144	138	-1	-1

grid:
38	77	39	40	61	47	22	-1	98	-1	5	7	6
76	79	80	35	44	45	23	-1	28	29	-1	-1	-1
25	75	81	46	83	62	21	66	73	30	48	158	97
11	13	104	115	71	63	64	65	-1	-1	-1	3	-1
41	78	24	54	18	51	15	-1	16	17	49	4	50
14	12	31	55	19	52	53	-1	-1	128	-1	143	144
27	26	74	56	20	124	123	-1	2	127	145	146	147
42	43	-1	32	33	-1	122	85	-1	125	-1	142	91
36	34	99	-1	-1	121	84	57	137	86	69	139	90
134	133	-1	132	-1	120	119	126	82	67	141	140	92
37	58	8	88	68	-1	0	157	93	151	148	130	70
-1	60	154	10	135	136	152	156	-1	150	149	129	87
-1	59	153	9	89	138	95	155	1	96	72	131	94

grid:
48	77	46	28	17	29	11	23	43	25	26	-1	-1
75	81	83	15	16	30	41	14	42	-1	27	146	147
49	80	78	24	31	21	22	12	127	125	86	145	92
50	76	13	104	38	39	40	-1	128	-1	67	129	87
51	64	79	35	115	32	33	-1	85	122	123	70	94
66	65	61	44	71	45	121	84	57	126	124	130	131
20	19	18	58	34	47	120	119	-1	-1	150	149	-1
55	54	62	59	36	37	133	132	88	68	151	135	89
56	52	63	60	-1	-1	-1	148	82	137	-1	136	138
-1	53	-1	-1	-1	154	-1	93	1	-1	140	139	90
9	10	8	99	74	153	72	2	-1	-1	141	143	69
-1	-1	-1	-1	-1	152	155	156	157	5	6	142	91
4	3	158	97	134	95	96	0	73	98	7	144	-1

tree_n_63_t_1_r_3,213,86,102,169,177,205,13,169,0.13,0.16,0.16,0.15
grid:
10	11	13	15	16	28	29	64	65
2	34	14	-1	27	69	68	66	47
23	1	0	5	52	51	39	63	46
17	-1	12	56	41	50	60	61	62
18	67	-1	6	37	35	44	43	38
19	7	45	3	42	33	36	57	-1
31	32	30	20	53	74	75	59	58
8	25	24	21	54	73	40	71	72
9	26	4	22	55	49	48	70	-1

grid:
-1	16	34	13	-1	57	46	47	39
17	10	2	11	52	58	63	65	64
14	15	1	-1	23	43	67	66	7
18	27	0	28	51	59	9	68	8
26	25	12	29	50	62	33	69	36
19	5	56	32	53	-1	54	55	-1
4	24	45	60	41	61	70	40	48
6	30	3	31	42	75	71	74	72
22	21	20	44	37	38	35	73	49

grid:
15	16	23	0	10	52	11	20	13
14	34	1	12	9	51	-1	21	22
19	18	67	7	8	45	3	4	26
2	17	5	56	41	50	-1	24	25
28	29	27	42	37	-1	75	65	64
32	31	30	6	57	58	59	73	74
61	62	54	53	43	-1	39	63	46
55	71	-1	70	38	40	36	68	66
60	72	44	48	35	49	33	69	47

grid:
14	23	34	1	0	52	22	17	-1
15	67	7	2	3	20	21	18	19
16	10	8	4	45	12	56	-1	5
13	11	9	54	53	51	6	28	27
58	59	24	55	42	50	30	31	32
26	25	64	65	37	41	-1	-1	29
43	57	63	38	35	33	70	71	72
68	66	69	62	61	60	40	74	75
-1	47	46	39	36	44	48	73	49

tree_n_15_t_2_r_3,30,10,17,29,8,1,2,5,0.06,0.08,0.08,0.07
grid:
24	145	23	111	120	121	32	25	26	115	101	22	-1
114	46	35	144	119	30	31	112	113	99	20	21	36
27	13	2	110	109	106	107	108	17	100	-1	33	34
70	103	143	139	126	127	137	140	18	19	-1	146	3
129	147	92	130	131	128	116	117	-1	-1	-1	-1	4
29	28	102	132	133	134	-1	118	-1	-1	-1	38	37
105	14	104	122	123	-1	-1	-1	-1	-1	62	61	39
15	16	0	1	124	-1	-1	-1	94	95	-1	60	11
98	97	96	84	85	12	151	-1	93	-1	-1	48	49
9	53	54	83	81	63	142	136	68	8	149	47	7
150	10	55	57	125	64	138	-1	141	50	40	148	5
56	58	88	87	86	-1	-1	89	90	51	41	43	44
-1	59	-1	-1	66	65	135	67	91	52	42	6	45

grid:
145	27	129	131	122	105	119	120	22	149	5	7	-1
143	13	46	130	102	104	20	121	21	-1	40	47	48
132	24	35	147	2	92	133	126	-1	8	41	50	42
70	103	114	0	123	1	124	-1	-1	-1	-1	-1	49
29	28	144	14	106	116	134	127	57	141	148	51	52
-1	140	139	137	107	135	81	65	125	138	-1	86	66
101	99	100	15	23	117	118	128	83	91	84	88	85
4	146	37	16	108	-1	-1	64	136	90	89	87	67
38	96	17	97	112	-1	-1	62	68	55	-1	54	53
3	33	18	98	19	-1	-1	63	-1	142	9	10	150
39	30	109	-1	113	-1	25	61	93	60	43	44	6
36	34	111	-1	-1	-1	-1	12	95	151	-1	56	58
32	31	110	-1	115	-1	26	-1	94	11	-1	45	59

grid:
145	30	143	26	25	119	17	108	151	29	60	62	61
13	35	46	114	23	120	106	107	27	28	11	41	40
129	24	147	103	2	121	18	19	12	64	63	-1	5
32	31	144	70	92	115	112	113	-1	65	91	90	42
131	130	139	0	1	126	132	122	68	-1	136	89	67
15	14	96	97	109	127	-1	123	93	94	95	88	87
140	16	137	98	110	-1	133	124	142	-1	81	86	66
-1	20	116	117	111	128	134	-1	85	84	83	57	125
3	146	99	-1	102	-1	135	-1	138	141	148	43	6
22	21	-1	118	-1	-1	-1	-1	-1	-1	-1	44	45
33	34	100	-1	104	-1	10	55	150	8	50	-1	51
36	37	-1	38	-1	59	58	54	53	149	-1	48	52
-1	4	101	39	105	-1	56	-1	9	7	47	49	-1

grid:
144	13	147	143	17	133	19	101	53	105	5	42	-1
35	24	103	139	119	134	18	102	54	104	40	41	43
2	46	145	92	132	99	100	-1	55	-1	148	-1	6
70	114	30	0	1	120	121	9	-1	-1	-1	44	45
116	109	20	106	122	123	124	150	-1	95	94	93	68
111	110	27	14	15	137	135	10	56	58	81	136	67
22	31	21	112	16	140	138	-1	141	59	125	-1	66
29	28	126	113	107	108	142	-1	-1	83	57	89	86
32	23	117	115	96	11	151	-1	-1	84	-1	90	91
128	127	118	98	97	60	12	-1	-1	85	-1	-1	87
25	-1	-1	129	62	61	63	146	149	8	-1	-1	88
26	-1	-1	47	131	-1	64	34	33	37	38	51	39
-1	-1	49	48	130	7	65	36	3	4	50	52	-1

tree_n_31_t_2_r_3,233,100,104,181,164,142,9,166,0.14,0.16,0.14,0.15
grid:
110	111	112	7	1	51	20	36	82	-1	-1
98	97	40	5	6	18	19	31	32	85	86
99	100	94	11	12	2	34	35	33	83	64
8	96	93	116	14	74	75	76	81	80	63
9	10	27	3	-1	60	-1	-1	-1	89	56
15	16	28	4	0	55	-1	52	50	53	88
17	113	30	-1	72	71	69	68	67	87	-1
115	114	-1	-1	-1	70	59	54	58	57	65
24	-1	-1	47	23	78	79	-1	39	66	90
26	25	22	49	73	77	21	41	38	92	91
46	45	44	48	29	61	62	13	37	42	43

grid:
99	96	5	9	7	43	110	42	39	46	38
98	93	94	10	116	4	3	-1	-1	-1	37
40	100	97	8	6	112	111	-1	41	45	21
18	19	15	-1	16	-1	17	-1	22	44	13
11	113	27	-1	1	-1	0	79	29	89	62
28	20	-1	72	-1	71	70	76	73	88	23
115	114	-1	58	51	54	59	78	77	48	47
30	68	69	67	90	-1	66	75	57	87	65
12	14	24	92	91	52	50	55	61	81	82
32	33	26	35	34	85	83	74	56	80	63
31	-1	25	36	2	86	64	60	53	49	-1

grid:
25	5	15	7	11	116	12	14	46	37	13
24	99	98	6	16	3	4	17	39	38	-1
26	100	97	40	110	113	114	115	45	44	22
93	96	51	1	112	0	-1	21	-1	62	29
31	8	94	-1	111	74	75	76	23	-1	73
9	10	-1	55	61	60	-1	41	-1	42	43
32	27	33	-1	77	79	78	89	47	49	48
30	28	72	71	59	70	-1	88	-1	87	65
19	18	2	52	54	69	53	-1	57	66	90
34	35	-1	85	67	68	56	-1	81	92	91
20	36	50	86	58	83	64	63	80	-1	82

grid:
98	99	113	5	20	7	17	112	27	82	-1
94	97	93	18	19	6	110	111	28	81	30
31	100	96	8	15	16	-1	-1	-1	80	63
4	40	3	9	10	-1	-1	-1	-1	83	64
25	24	116	26	114	115	72	68	69	85	86
1	51	11	12	-1	-1	71	67	-1	56	43
2	34	32	14	-1	-1	70	58	21	41	42
36	35	33	-1	79	78	59	54	52	50	53
46	45	23	47	39	77	75	74	89	66	90
44	22	0	37	38	49	76	60	88	57	91
-1	73	29	13	62	48	61	55	87	65	92

tree_n_15_t_3_r_3,102,41,53,87,113,154,8,11,0.10,0.10,0.11,0.11
grid:
93	95	154	1	153	2	111	131	73	112	35	84	-1
138	137	79	90	152	109	129	130	0	68	83	85	24
86	94	91	96	87	88	110	75	74	81	80	101	13
11	139	136	92	89	106	57	64	65	82	78	76	77
132	135	133	66	67	107	116	122	124	-1	-1	53	52
12	155	3	4	69	108	117	118	125	-1	-1	51	33
14	113	18	8	9	10	-1	-1	-1	-1	-1	27	34
115	114	149	150	151	-1	-1	-1	-1	-1	54	55	56
20	70	19	15	16	17	-1	-1	-1	-1	-1	63	62
72	71	126	127	-1	-1	-1	-1	-1	21	-1	23	61
120	119	121	128	-1	-1	-1	-1	-1	22	47	28	37
6	5	39	38	25	41	42	49	48	26	45	58	59
7	-1	40	29	-1	30	43	50	32	31	44	36	60

grid:
95	136	138	132	149	8	150	2	108	10	113	32	115
93	94	137	133	79	1	106	90	107	-1	114	26	31
92	139	96	135	70	122	151	73	-1	9	50	48	49
6	91	5	57	71	124	72	74	75	-1	-1	-1	44
155	86	3	4	126	125	116	117	129	-1	130	-1	131
7	89	11	64	15	-1	16	118	17	-1	47	22	45
88	87	109	-1	127	0	-1	-1	40	21	-1	55	56
12	18	14	65	128	-1	-1	-1	39	-1	38	25	29
111	112	110	68	119	62	152	63	-1	23	27	54	34
20	19	84	85	-1	-1	-1	-1	-1	59	41	60	30
35	-1	83	101	120	61	153	37	-1	28	42	-1	43
77	78	76	-1	-1	-1	53	81	52	58	51	-1	-1
66	69	67	13	121	24	154	80	82	36	33	-1	-1

grid:
93	137	113	132	115	73	2	-1	1	35	83	31	-1
136	133	139	135	79	74	90	75	-1	112	84	44	-1
86	96	94	138	114	-1	126	70	71	0	85	45	47
95	92	89	18	149	19	127	128	72	68	-1	101	24
87	152	91	116	11	20	12	14	-1	-1	26	80	32
154	153	88	117	118	150	125	50	-1	49	82	81	48
15	66	57	129	64	122	124	-1	22	-1	25	41	30
69	67	106	107	108	151	-1	-1	-1	40	39	42	13
155	109	8	9	65	-1	-1	-1	21	-1	38	43	29
111	110	-1	10	-1	-1	-1	53	-1	52	78	77	76
3	119	120	-1	16	-1	28	-1	23	37	27	51	33
5	6	-1	130	-1	59	58	-1	55	54	62	63	-1
4	7	121	131	17	60	36	-1	56	34	61	-1	-1

grid:
93	79	67	1	64	68	2	125	73	80	24	13	-1
139	96	66	90	57	0	122	124	74	75	101	76	77
137	138	95	69	106	65	149	18	19	-1	81	82	78
5	135	92	89	107	108	150	151	20	-1	53	52	-1
86	136	94	91	126	127	155	-1	-1	-1	50	49	-1
132	133	11	12	14	128	3	-1	-1	-1	-1	48	51
7	6	112	116	70	71	4	-1	-1	-1	47	-1	33
17	16	15	117	118	72	-1	-1	-1	-1	45	44	32
35	152	87	88	8	9	-1	-1	-1	23	21	27	34
83	84	85	109	119	10	-1	-1	60	40	22	26	31
154	153	113	-1	129	-1	37	28	59	39	25	54	55
-1	-1	114	110	130	120	63	62	58	38	41	42	56
-1	-1	115	111	131	121	-1	61	36	29	30	43	-1

tree_n_15_t_4_r_3,245,105,115,198,168,145,13,156,0.13,0.15,0.14,0.13
grid:
-1	-1	6	49	23	9	44	57	12
19	21	20	10	59	48	58	8	47
2	40	-1	-1	50	17	46	43	5
3	41	54	1	11	-1	-1	42	55
29	28	22	25	24	-1	7	14	4
30	31	27	26	18	15	-1	-1	-1
32	-1	60	38	61	13	34	33	-1
56	36	37	53	16	45	35	51	-1
-1	-1	52	39	62	-1	-1	0	-1

grid:
-1	-1	5	6	12	-1	3	22	-1
-1	-1	43	44	57	46	41	60	-1
42	-1	55	20	21	7	19	36	56
-1	-1	50	10	11	24	54	37	40
9	48	17	18	28	25	-1	52	2
23	58	59	49	29	61	1	-1	-1
4	14	26	15	30	13	-1	51	0
32	47	31	-1	39	38	53	-1	-1
-1	8	27	16	62	45	34	35	33

grid:
-1	-1	62	0	32	-1	56	2	-1
-1	35	45	51	-1	52	36	19	21
27	-1	16	-1	31	37	29	40	28
15	13	34	33	-1	60	22	41	3
26	61	18	38	30	10	25	54	20
4	14	39	53	-1	49	-1	1	-1
42	8	9	43	55	-1	24	7	6
-1	47	48	58	-1	59	11	50	-1
-1	-1	17	5	12	23	57	46	44

grid:
-1	-1	4	42	23	12	44	6	-1
5	-1	43	55	59	50	57	-1	-1
9	48	58	47	49	11	46	-1	-1
17	18	14	8	10	24	7	41	3
62	16	39	53	1	25	22	54	-1
26	27	15	13	61	20	60	40	2
32	31	45	34	38	21	37	-1	19
-1	30	35	-1	51	-1	36	-1	56
-1	-1	29	28	33	0	52	-1	-1

K4N4,52,13,22,40,7,1,2,6,0.06,0.07,0.07,0.06
grid:
-1	-1	6	30	71	70	34	-1	-1	-1	-1
12	79	62	29	15	83	84	73	-1	-1	-1
10	61	26	28	27	14	72	-1	-1	-1	-1
5	66	19	-1	22	20	16	-1	53	56	25
63	80	9	64	21	18	85	57	76	58	2
23	81	65	8	24	45	33	52	74	0	-1
13	69	-1	39	44	41	36	17	1	38	4
7	82	-1	-1	-1	43	42	40	60	55	78
68	11	32	-1	49	47	37	35	77	75	-1
-1	-1	-1	-1	50	48	-1	-1	59	54	-1
-1	-1	-1	51	46	-1	-1	31	3	67	-1

grid:
-1	-1	12	2	7	53	5	52	74	58	0
-1	-1	79	-1	61	-1	-1	-1	54	-1	75
-1	-1	80	25	63	56	18	45	85	76	57
6	-1	62	26	-1	-1	19	9	67	55	78
-1	-1	64	28	32	10	21	65	-1	1	-1
84	73	72	16	35	33	37	36	31	59	3
14	-1	20	30	22	66	24	81	44	77	60
34	17	83	40	71	42	47	43	49	38	4
70	-1	8	29	11	-1	48	-1	50	-1	46
-1	-1	-1	27	15	13	69	41	-1	-1	-1
-1	-1	-1	-1	68	39	82	23	51	-1	-1

grid:
-1	-1	73	-1	17	40	52	-1	4	-1	-1
2	58	-1	76	-1	57	45	1	60	77	-1
25	56	53	-1	74	85	18	-1	38	55	78
51	-1	84	72	16	42	-1	-1	-1	59	3
50	48	46	-1	33	-1	0	41	75	54	67
49	47	-1	37	36	43	-1	39	13	35	31
44	28	30	-1	24	-1	21	-1	69	-1	-1
6	26	29	10	22	62	-1	8	-1	32	7
15	71	27	66	81	65	19	64	68	11	-1
-1	70	-1	14	20	79	9	80	-1	63	-1
-1	83	34	-1	23	61	5	12	82	-1	-1

grid:
-1	-1	-1	49	43	-1	34	-1	80	12	-1
-1	-1	48	47	16	72	84	-1	64	-1	-1
51	-1	50	41	33	42	73	39	8	63	7
-1	-1	46	44	36	40	17	83	-1	79	32
78	38	-1	-1	37	35	-1	70	13	61	11
55	75	54	-1	24	22	20	14	69	82	68
4	0	67	31	21	-1	71	19	-1	62	5
74	52	45	18	-1	30	15	9	65	81	23
60	53	56	85	-1	29	27	-1	-1	66	6
77	59	1	57	-1	-1	28	-1	-1	10	26
-1	3	-1	76	58	2	25	-1	-1	-1	-1

K4N5,70,23,29,60,15,2,3,6,0.09,0.09,0.10,0.10
grid:
8	12	7	-1	6	33	67	3	-1	2	-1
69	88	68	31	66	-1	30	63	86	62	-1
38	90	72	11	25	27	59	84	58	24	56
23	13	91	71	10	40	-1	0	1	-1	37
92	73	70	-1	-1	-1	-1	85	87	60	78
89	74	9	61	-1	29	28	26	19	64	4
14	44	-1	-1	65	20	81	95	80	75	15
5	-1	-1	-1	-1	32	-1	16	76	93	45
43	47	49	48	-1	-1	46	-1	96	79	18
53	55	52	51	36	42	83	17	82	94	34
-1	57	54	50	35	41	22	39	21	77	-1

grid:
-1	23	13	5	48	46	22	79	45	77	-1
89	92	73	43	-1	-1	83	-1	96	17	82
72	91	71	47	49	18	52	54	55	94	57
61	74	10	14	-1	-1	-1	-1	53	39	21
8	69	38	44	40	-1	42	50	51	-1	41
6	70	25	9	27	-1	81	29	95	28	80
11	90	31	-1	65	33	20	36	32	35	34
56	58	0	84	24	-1	-1	-1	62	19	2
7	68	85	-1	87	30	64	76	16	93	75
66	88	-1	59	-1	-1	-1	63	86	26	15
-1	12	60	78	37	67	4	3	1	-1	-1

grid:
8	-1	89	61	43	5	12	23	-1	7	-1
69	73	90	92	-1	65	-1	91	72	31	11
38	13	70	74	47	80	95	-1	88	68	66
45	96	9	14	44	19	81	71	-1	-1	-1
93	82	76	75	16	32	20	10	25	-1	6
34	21	-1	15	49	26	28	35	36	33	-1
42	41	40	48	52	-1	29	-1	27	30	3
39	83	60	85	-1	87	-1	1	-1	63	86
78	-1	37	-1	54	-1	50	-1	24	62	2
77	94	18	79	53	64	-1	84	58	59	67
17	22	46	57	55	4	51	0	56	-1	-1

grid:
5	43	12	14	7	53	57	46	22	83	-1
8	69	90	44	47	49	55	48	-1	82	21
89	65	74	9	68	52	54	18	-1	96	77
38	13	40	70	88	42	41	51	-1	39	17
92	73	87	11	31	33	36	50	79	94	45
4	37	64	72	-1	66	35	-1	32	-1	20
23	-1	61	91	-1	-1	-1	-1	16	95	81
78	60	85	0	-1	-1	-1	-1	29	80	34
1	86	62	30	-1	-1	-1	27	28	93	76
-1	63	59	84	58	-1	10	25	26	75	19
-1	3	67	2	56	24	71	6	15	-1	-1

K4N6,108,35,48,80,111,2,3,115,0.10,0.11,0.10,0.10
grid:
-1	86	17	111	101	56	21	26	58	-1	-1	-1
24	-1	0	83	82	6	91	95	61	-1	92	22
1	4	87	2	18	64	-1	8	-1	-1	96	27
85	3	110	84	13	-1	-1	-1	-1	-1	69	65
81	16	80	79	41	35	104	34	59	99	-1	30
90	49	53	7	-1	57	12	46	63	10	100	31
94	25	50	93	-1	-1	105	36	62	60	66	39
19	88	42	23	45	11	102	9	-1	-1	70	71
89	5	20	-1	48	103	32	97	-1	-1	108	74
37	106	14	44	47	33	43	28	68	76	15	75
-1	-1	-1	-1	52	51	29	-1	-1	77	40	67
-1	-1	107	38	54	55	98	72	73	78	109	-1

grid:
106	68	37	75	77	55	54	-1	90	80	-1	-1
107	14	38	76	73	72	52	48	81	110	-1	0
108	15	44	74	78	-1	53	47	49	79	16	-1
39	109	67	40	-1	-1	-1	45	-1	41	85	-1
66	31	36	97	105	28	51	43	33	32	-1	102
70	46	71	9	98	-1	29	-1	-1	13	3	84
60	100	62	63	12	-1	50	-1	103	11	-1	57
99	10	30	-1	104	23	-1	42	4	88	1	19
25	-1	59	-1	34	-1	20	17	86	-1	89	5
94	96	69	7	-1	93	-1	56	87	82	-1	111
-1	8	-1	95	-1	26	-1	21	92	91	6	24
-1	27	65	35	22	61	64	58	18	101	2	83

grid:
39	108	67	66	74	75	40	68	22	89	92	-1
60	105	70	36	76	77	109	15	78	5	6	24
62	-1	71	63	69	73	65	-1	27	-1	91	21
-1	12	57	31	-1	72	-1	14	96	88	8	95
102	-1	11	103	33	52	38	107	20	-1	35	26
34	104	-1	61	51	54	-1	106	-1	94	7	58
59	32	30	100	29	55	53	-1	50	25	93	23
-1	43	99	10	-1	48	49	47	-1	44	-1	37
97	28	9	46	98	-1	16	-1	-1	45	42	19
17	86	-1	56	-1	3	85	84	-1	41	-1	-1
87	4	111	18	0	-1	110	81	80	79	-1	-1
82	101	83	2	64	1	-1	90	-1	13	-1	-1

grid:
-1	59	60	39	107	37	90	80	13	84	-1	-1
-1	34	62	108	14	106	81	110	-1	-1	-1	-1
99	30	-1	15	68	44	-1	41	79	1	3	85
105	12	104	38	-1	-1	-1	49	0	4	-1	16
-1	32	43	109	47	-1	45	-1	-1	86	17	56
57	36	66	31	-1	-1	42	-1	-1	111	82	101
102	11	10	100	63	48	-1	-1	61	87	83	2
28	97	46	52	40	23	95	26	58	18	-1	19
103	9	98	-1	67	93	8	96	21	64	-1	88
33	51	29	54	-1	53	35	27	50	20	89	5
78	77	73	72	-1	71	7	-1	69	91	6	24
-1	75	74	76	55	70	94	25	65	22	92	-1

K4N7,121,41,51,98,7,3,3,11,0.13,0.13,0.13,0.13
grid:
-1	7	79	45	50	93	95	53	49	-1	37	32	106	-1
-1	26	6	54	69	3	23	61	122	-1	66	-1	-1	-1
-1	90	-1	67	71	94	89	88	72	70	-1	-1	-1	-1
9	27	25	41	115	-1	-1	63	64	-1	110	-1	-1	-1
56	8	5	119	19	114	40	60	-1	-1	-1	17	109	36
84	52	4	21	118	-1	44	-1	-1	62	-1	59	105	31
55	76	51	57	-1	92	-1	-1	-1	-1	-1	-1	15	35
-1	-1	117	20	-1	91	-1	-1	-1	58	-1	-1	-1	101
86	83	43	116	-1	87	-1	0	10	24	-1	-1	16	96
48	121	78	68	-1	80	-1	85	97	112	82	-1	108	34
-1	22	75	42	-1	-1	98	11	-1	65	39	-1	107	33
47	120	-1	-1	-1	-1	77	99	100	-1	-1	111	38	74
-1	-1	-1	-1	14	-1	73	13	12	28	-1	18	-1	-1
-1	-1	104	30	103	29	2	81	1	102	113	46	-1	-1

grid:
-1	37	-1	36	31	29	13	85	74	34	33	39	38	-1
35	110	15	109	105	17	81	46	16	108	107	18	111	-1
32	66	106	59	-1	103	99	73	77	82	-1	113	-1	-1
112	65	28	102	97	104	30	2	-1	-1	-1	-1	-1	-1
24	70	100	12	1	14	11	98	-1	-1	-1	-1	-1	-1
101	58	96	62	10	-1	0	-1	-1	-1	-1	-1	-1	-1
88	89	64	63	-1	-1	-1	-1	-1	60	-1	44	-1	-1
72	-1	71	-1	-1	-1	-1	67	-1	-1	-1	119	-1	45
94	95	93	-1	92	-1	91	87	80	40	-1	21	-1	118
50	-1	69	-1	-1	-1	115	41	19	114	57	-1	-1	51
7	26	54	90	-1	-1	-1	-1	-1	68	-1	75	-1	78
3	-1	23	122	79	52	43	25	117	-1	20	42	116	4
-1	6	-1	61	9	27	83	86	121	22	-1	120	-1	76
-1	53	-1	49	56	84	-1	5	48	8	-1	47	-1	55

grid:
-1	50	53	56	9	37	89	72	36	28	101	-1	96	-1
32	3	6	26	90	66	110	70	109	65	112	0	10	97
49	122	69	61	27	-1	88	64	62	-1	58	-1	98	11
-1	23	54	7	-1	63	-1	17	-1	102	-1	103	-1	29
106	-1	71	-1	8	95	94	93	59	-1	24	-1	99	13
-1	79	25	40	-1	60	92	91	-1	12	100	1	2	73
-1	-1	5	52	84	-1	31	-1	86	87	85	-1	81	30
-1	-1	-1	114	-1	44	-1	46	18	111	-1	14	-1	104
15	41	67	-1	4	-1	105	-1	113	39	82	-1	-1	83
-1	115	-1	19	-1	118	-1	80	-1	77	-1	-1	-1	48
45	-1	-1	-1	51	-1	57	-1	20	-1	117	-1	43	121
-1	-1	-1	-1	119	21	-1	68	-1	74	-1	120	-1	22
35	-1	16	-1	76	-1	108	75	42	-1	-1	-1	-1	-1
-1	-1	-1	107	55	33	-1	78	116	38	34	47	-1	-1

grid:
34	35	15	46	32	110	37	-1	-1	117	83	48	22	-1
108	16	-1	-1	-1	-1	-1	-1	-1	43	-1	121	120	47
111	105	18	106	17	66	-1	-1	-1	20	116	42	-1	75
33	107	113	-1	-1	-1	-1	-1	-1	57	86	68	-1	-1
74	38	39	-1	-1	70	-1	-1	-1	19	118	21	119	45
31	-1	82	-1	-1	-1	87	-1	-1	115	41	84	9	56
36	77	109	65	28	92	91	80	114	44	67	78	27	8
29	59	103	85	102	94	93	-1	40	-1	-1	76	90	55
73	112	14	1	12	89	88	72	60	71	-1	51	5	52
2	98	104	30	100	-1	64	-1	63	-1	7	26	25	79
97	11	-1	81	24	-1	-1	-1	-1	-1	54	69	4	50
10	0	-1	-1	58	-1	-1	-1	-1	-1	6	122	23	3
-1	-1	99	-1	-1	-1	-1	-1	-1	61	-1	-1	-1	-1
-1	96	13	101	62	95	-1	-1	-1	53	49	-1	-1	-1

K4N8,149,53,75,111,9,2,2,126,0.14,0.16,0.14,0.16
grid:
-1	59	8	36	-1	27	4	24	3	67	-1
-1	-1	-1	29	25	26	54	56	53	49	-1
60	75	9	28	14	64	-1	48	72	69	-1
44	-1	37	15	65	79	-1	50	70	0	23
41	43	39	42	40	38	32	78	30	80	5
12	35	33	76	61	10	31	-1	16	55	66
7	21	22	13	63	77	20	45	47	68	73
74	58	-1	11	62	-1	-1	-1	-1	-1	1
6	57	-1	18	19	-1	-1	-1	-1	-1	46
-1	-1	-1	-1	-1	-1	-1	-1	17	-1	34
-1	-1	-1	-1	-1	-1	2	52	81	51	71

grid:
-1	-1	-1	32	5	38	55	70	27	67	4
-1	-1	-1	-1	30	-1	78	50	-1	49	-1
-1	16	-1	31	-1	-1	73	40	1	54	72
59	66	15	-1	28	-1	29	0	-1	69	53
75	-1	60	10	9	-1	-1	-1	-1	-1	3
8	80	65	-1	25	46	26	68	56	48	24
12	76	-1	61	14	34	51	-1	71	-1	-1
23	77	79	63	64	13	36	47	39	45	42
-1	-1	74	57	58	21	-1	22	52	20	2
-1	11	-1	18	-1	19	37	-1	41	43	-1
-1	62	-1	6	7	17	81	33	35	44	-1

grid:
76	11	62	7	61	10	5	38	42	44	-1
12	74	-1	58	-1	32	30	78	40	43	-1
6	57	18	-1	-1	31	19	33	39	35	41
63	13	-1	21	-1	71	-1	22	52	20	2
75	-1	77	-1	60	51	55	50	17	37	81
-1	-1	-1	-1	-1	1	73	70	-1	47	45
8	59	25	-1	9	-1	26	-1	36	46	34
15	65	-1	16	54	72	-1	0	-1	68	-1
64	79	14	-1	28	-1	24	-1	29	-1	-1
-1	-1	-1	66	-1	48	53	69	-1	49	-1
-1	-1	23	80	4	56	3	-1	27	67	-1

grid:
-1	65	23	80	6	11	-1	81	51	-1	-1
14	64	79	66	77	62	-1	-1	-1	-1	-1
25	-1	57	-1	63	18	-1	-1	-1	71	52
8	59	16	-1	13	19	17	34	20	45	2
7	58	31	15	21	33	22	-1	-1	1	73
75	60	9	28	-1	35	-1	-1	46	68	47
74	-1	-1	40	38	32	78	30	-1	55	5
12	76	-1	42	39	-1	50	70	0	72	54
10	-1	-1	43	41	26	24	48	69	53	3
61	-1	-1	-1	37	-1	-1	-1	49	-1	-1
-1	-1	-1	44	36	29	56	27	67	4	-1

K5N4,89,24,42,72,86,2,3,13,0.08,0.10,0.10,0.09
grid:
-1	-1	23	9	70	8	69	88	12	54	14
77	93	92	76	75	15	81	20	91	74	39
-1	79	17	16	-1	22	94	80	73	-1	19
11	18	72	26	90	-1	-1	-1	13	36	40
-1	32	29	10	71	-1	-1	-1	-1	37	46
67	33	30	43	44	48	51	-1	52	53	49
5	31	28	27	24	41	42	-1	-1	50	47
59	-1	56	58	83	-1	0	84	61	38	89
4	65	-1	25	21	34	45	-1	-1	-1	7
64	86	63	1	62	55	82	60	35	87	68
-1	-1	3	85	2	-1	57	78	6	66	-1

grid:
78	6	35	37	54	50	-1	10	36	13	-1
7	68	-1	46	53	47	-1	-1	-1	-1	-1
89	66	-1	49	52	14	74	71	19	73	91
38	87	44	40	51	39	-1	20	80	81	94
61	28	43	30	48	-1	70	29	88	90	12
4	56	64	-1	42	-1	9	-1	69	-1	8
84	-1	60	-1	41	-1	-1	17	24	22	77
5	65	86	1	27	85	26	62	21	-1	2
31	0	33	82	55	63	34	72	79	15	93
-1	58	-1	45	25	-1	16	76	-1	92	23
67	83	59	57	3	-1	32	11	18	75	-1

grid:
-1	-1	58	56	57	44	0	54	46	4	47
67	59	83	28	-1	51	-1	53	-1	64	50
71	10	29	30	45	42	82	49	40	84	38
17	77	-1	43	-1	48	55	52	-1	61	89
12	90	31	33	91	74	20	-1	14	-1	39
11	72	-1	32	73	13	34	36	37	60	78
23	93	88	-1	94	81	80	19	35	-1	7
5	79	70	18	69	41	-1	65	-1	86	-1
76	92	16	15	22	24	21	-1	-1	87	68
-1	75	26	27	25	63	62	85	-1	1	-1
-1	-1	9	-1	8	3	2	-1	6	-1	66

grid:
-1	-1	3	47	54	42	-1	15	8	11	70
34	21	-1	50	53	51	44	75	69	72	88
55	63	-1	25	24	41	27	22	26	9	12
2	62	-1	45	52	48	-1	-1	10	71	90
85	-1	82	57	49	43	30	-1	29	16	76
67	31	59	83	58	33	-1	32	17	92	77
-1	-1	-1	0	56	28	-1	-1	91	79	18
5	65	86	84	60	46	-1	-1	-1	93	23
-1	-1	1	61	-1	37	-1	74	36	73	13
7	68	87	64	66	35	-1	14	19	94	80
-1	38	89	4	6	78	40	39	20	81	-1

K6N4,92,29,54,86,12,2,3,114,0.10,0.11,0.10,0.11
grid:
-1	-1	89	50	-1	95	54	27	58	28	-1	-1
-1	88	87	18	-1	26	8	96	59	66	-1	-1
-1	19	4	53	52	51	55	64	65	71	72	69
84	15	5	90	20	57	35	104	36	74	73	68
56	40	1	110	83	33	103	12	105	97	70	61
45	76	80	100	13	37	42	34	14	39	63	60
75	106	108	81	-1	-1	-1	-1	-1	9	62	23
109	0	82	-1	-1	2	41	11	102	32	49	48
79	78	3	86	17	47	30	99	10	-1	94	25
107	-1	-1	-1	-1	-1	-1	101	29	38	7	93
-1	77	-1	43	-1	-1	-1	46	44	6	91	24
-1	67	85	16	-1	-1	22	31	98	92	21	-1

grid:
-1	101	-1	24	23	85	-1	54	35	-1	-1	-1
48	102	32	93	8	96	95	27	26	51	-1	33
25	31	94	44	7	-1	9	-1	104	-1	-1	-1
34	11	-1	17	14	86	97	3	12	103	-1	52
62	46	63	43	65	16	64	55	-1	4	18	87
49	10	68	47	105	78	28	110	83	1	-1	50
72	98	70	29	71	-1	69	84	-1	88	53	19
61	-1	60	38	39	79	37	-1	13	5	-1	89
73	-1	42	91	6	40	66	15	20	90	100	81
30	99	41	21	36	107	45	106	75	108	-1	80
74	-1	92	-1	-1	56	59	76	57	82	2	-1
-1	-1	22	67	-1	77	58	0	-1	109	-1	-1

grid:
-1	45	75	-1	61	60	68	-1	25	-1	48	-1
13	37	-1	39	-1	72	70	73	74	107	-1	79
110	83	84	15	40	42	63	62	94	-1	49	78
2	82	109	0	56	69	66	71	-1	77	32	67
90	20	57	106	76	65	59	58	36	-1	47	17
-1	38	-1	21	-1	64	85	28	-1	46	43	16
1	5	3	-1	86	91	41	97	105	-1	102	22
81	100	-1	53	-1	55	30	6	14	92	-1	54
98	29	-1	-1	10	-1	99	9	34	-1	11	35
108	80	88	19	-1	26	95	8	-1	96	101	27
4	-1	87	18	33	51	103	7	93	44	12	104
-1	89	-1	50	-1	52	-1	23	24	31	-1	-1

grid:
-1	-1	93	24	46	27	54	67	-1	78	-1	-1
25	48	32	44	31	96	35	-1	-1	79	-1	-1
94	7	102	11	101	43	104	55	77	107	-1	53
23	9	49	-1	8	16	85	17	47	-1	-1	19
97	28	62	14	34	12	-1	86	-1	-1	100	88
63	6	91	105	10	95	-1	3	-1	-1	81	4
-1	92	58	36	29	98	103	-1	-1	-1	109	0
-1	70	68	21	38	99	33	5	1	-1	82	108
22	73	72	66	59	57	20	90	56	76	106	2
-1	74	61	69	30	39	26	37	110	45	80	75
-1	-1	65	64	41	42	40	15	83	-1	87	-1
-1	-1	71	-1	60	51	52	84	13	50	18	89

K7N4,140,48,68,114,7,2,2,30,0.12,0.14,0.12,0.21
grid:
-1	-1	41	50	7	35	101	37	-1	44	-1	-1	-1	-1
-1	-1	119	71	21	26	19	115	114	36	-1	-1	-1	-1
-1	-1	-1	-1	118	6	46	23	122	54	-1	25	48	5
8	27	121	22	40	49	-1	3	-1	-1	20	117	64	39
51	74	42	120	69	67	66	45	-1	-1	-1	-1	47	4
52	9	43	72	84	85	100	58	-1	-1	-1	116	61	38
86	77	-1	87	89	92	-1	-1	-1	-1	93	94	95	65
78	75	-1	-1	70	112	102	12	-1	-1	63	90	99	11
33	73	2	103	-1	109	31	-1	-1	-1	60	79	62	98
104	-1	111	14	-1	-1	-1	59	0	55	30	80	88	82
13	-1	-1	-1	-1	17	-1	24	53	-1	108	81	83	91
76	34	113	18	110	1	105	97	10	-1	16	-1	-1	-1
-1	-1	-1	-1	-1	106	28	56	96	-1	29	-1	-1	-1
-1	-1	-1	-1	32	15	-1	68	57	-1	107	-1	-1	-1

grid:
-1	68	-1	38	57	58	91	37	93	122	50	7	-1	-1
-1	97	10	116	96	45	88	3	95	23	71	-1	119	41
-1	56	-1	61	83	59	81	115	94	44	-1	-1	-1	-1
39	117	62	20	82	-1	80	-1	55	54	118	19	21	35
48	28	64	47	65	-1	-1	-1	53	36	-1	114	-1	-1
5	-1	-1	25	63	30	-1	-1	67	46	40	26	49	6
106	-1	-1	4	15	108	105	-1	24	-1	-1	-1	-1	-1
29	107	60	-1	90	16	-1	-1	-1	-1	121	27	22	9
-1	-1	79	-1	98	1	-1	-1	92	-1	87	8	-1	51
32	-1	-1	110	99	17	-1	-1	85	-1	43	77	-1	52
-1	-1	-1	-1	11	-1	-1	-1	89	18	86	113	-1	74
70	112	12	102	0	109	-1	-1	84	111	72	78	120	42
-1	-1	100	-1	-1	-1	103	2	104	73	13	34	-1	75
-1	-1	101	-1	66	31	14	-1	69	33	-1	76	-1	-1

grid:
-1	-1	-1	-1	9	52	57	-1	96	68	10	33	73	-1
74	75	-1	42	-1	77	-1	120	-1	43	97	121	-1	22
51	-1	8	-1	27	-1	53	13	104	-1	14	-1	2	103
-1	86	-1	91	81	78	-1	76	34	113	-1	111	-1	-1
-1	89	93	88	80	-1	55	24	105	18	0	-1	12	-1
87	92	94	83	-1	82	-1	106	15	1	16	107	100	-1
58	-1	95	-1	59	-1	56	28	30	-1	108	29	102	-1
37	85	-1	115	-1	62	-1	65	63	11	-1	60	79	98
45	-1	3	114	36	-1	54	-1	90	99	32	-1	112	70
84	-1	-1	19	-1	48	-1	64	-1	72	110	17	31	109
122	-1	23	-1	46	5	44	-1	69	-1	-1	-1	66	101
-1	-1	-1	61	47	116	-1	20	-1	71	-1	41	-1	35
-1	-1	-1	-1	25	26	49	117	67	-1	118	21	-1	-1
-1	-1	-1	38	4	7	6	39	40	50	-1	119	-1	-1

grid:
-1	-1	102	79	-1	14	33	78	51	8	52	9	121	-1
101	100	12	98	-1	104	103	73	2	-1	77	43	-1	116
66	31	60	11	111	13	76	75	74	42	27	120	22	38
107	16	29	0	18	113	34	86	-1	-1	-1	-1	20	117
90	109	99	-1	112	-1	-1	89	62	61	47	4	-1	39
1	17	110	32	70	-1	85	92	87	-1	46	25	5	35
108	30	63	-1	-1	69	84	93	88	82	65	-1	64	48
-1	-1	-1	-1	-1	-1	72	94	91	83	-1	45	19	3
-1	-1	-1	-1	-1	-1	67	40	81	80	59	58	115	37
-1	-1	-1	-1	-1	-1	49	6	26	118	-1	21	23	114
-1	-1	-1	-1	-1	-1	10	-1	-1	-1	55	119	54	36
-1	-1	-1	15	105	24	97	53	-1	7	-1	-1	44	122
-1	-1	-1	-1	28	56	-1	96	-1	-1	-1	-1	-1	-1
-1	-1	-1	-1	106	68	95	57	50	71	41	-1	-1	-1

K8N4,173,67,82,138,185,3,5,12,0.32,0.31,0.35,0.35
